2.283805935328281009e-02
2.356548212100654377e-02
2.437709104180287370e-02
2.521519101408841931e-02
2.606970303977540482e-02
2.697148232652402805e-02
2.789647008539040268e-02
2.887486348635315281e-02
2.985784911462755972e-02
3.085152851831689247e-02
3.188801975437381003e-02
3.294096518886622388e-02
3.401651139108977095e-02
3.505608433165199878e-02
3.618763825450768690e-02
3.728833521460202943e-02
3.837334414068650779e-02
3.940447101961064291e-02
4.039436824990637331e-02
4.132323195912811220e-02
4.221120717065377642e-02
4.300878563756525830e-02
4.368800017951418591e-02
4.421553896945576434e-02
4.459286616739270570e-02
4.492748939051154772e-02
4.512072421743450884e-02
4.529359151394445060e-02
4.530932590939619475e-02
4.530177764441442601e-02
4.521562305256952852e-02
4.509719274189424171e-02
4.490416699611293055e-02
4.468825648372931614e-02
4.441822465981813683e-02
4.408632658139784166e-02
4.370400647421935486e-02
4.321313784782031264e-02
4.276275493372170416e-02
4.222715292309616592e-02
4.164839112126270809e-02
4.108200442612979647e-02
4.044102186878657107e-02
3.983974227076850921e-02
3.913572587310820000e-02
3.849327237843977456e-02
3.783341748007364169e-02
3.716784924140539154e-02
3.641255230366670370e-02
3.569602026122818683e-02
3.494301321153929496e-02
3.418693625389861157e-02
3.347336800586113437e-02
3.272508930921054493e-02
3.200528038641959477e-02
3.129640156508000509e-02
3.055952937966684851e-02
2.982363394547249413e-02
2.912173054613382064e-02
2.840659874133505403e-02
2.773325770365076687e-02
2.703556146915395836e-02
2.640340771881214896e-02
2.575097821893203645e-02
2.507726639137051322e-02
2.443589950117442886e-02
2.381355464962864668e-02
2.320335685609277790e-02
2.259758374577668441e-02
2.201240788432841725e-02
2.141800056088451198e-02
2.085214517317697178e-02
2.028943922673294084e-02
1.977847405745972176e-02
1.926015295780750258e-02
1.873882969904673915e-02
1.824282556414088055e-02
1.775787752620723234e-02
1.728708683850119915e-02
1.681637600784777892e-02
1.637227771098242329e-02
1.592646004465234078e-02
1.551451448000041276e-02
1.511292977138881458e-02
1.470790613508415369e-02
1.430978027308785552e-02
1.393194876051746800e-02
1.355160913653027238e-02
1.320189125783366099e-02
1.286328983499636890e-02
1.252317296058042852e-02
1.219610767264647441e-02
1.187744666216476903e-02
1.156928071992050638e-02
1.127309678262146397e-02
1.098664589664404695e-02
1.071230689505644866e-02
1.043697984907041021e-02
1.017848036273559173e-02
9.929172192611770281e-03
9.685248365510783566e-03
9.438303261733647226e-03
9.208819299066242289e-03
8.977957433951924693e-03
8.762980816517558502e-03
8.546871143012170838e-03
8.340637940036678410e-03
8.136401249486955103e-03
7.941201885148936948e-03
7.749726929632046006e-03
7.562875083695300843e-03
7.385111634556647438e-03
7.212378263433653555e-03
7.042513691869504641e-03
6.878080350821999013e-03
6.719262318340007284e-03
6.562258525816286846e-03
6.411378014494419249e-03
6.271332791891133518e-03
6.129242358162032174e-03
5.991836384331828899e-03
5.853683534214786273e-03
5.727593244838530967e-03
5.603084252387022235e-03
5.483644717458258794e-03
5.362143939961175505e-03
5.244387144474633305e-03
5.131296522766792129e-03
5.027898577852150074e-03
4.921529079970671586e-03
4.823565521376416143e-03
4.723992105341378624e-03
4.624796578013862930e-03
4.531990049474907307e-03
4.435659634837541693e-03
4.347710802861946486e-03
4.260110792783927160e-03
4.171768250185512242e-03
4.087926160305686667e-03
4.006323086514485682e-03
3.924236401735923391e-03
3.850245568177266056e-03
3.774526961288711228e-03
3.700373097689261051e-03
3.629027361351089623e-03
3.559964566819299493e-03
3.491882641031869919e-03
3.424789555511090818e-03
3.359852776499274146e-03
3.298752288161061700e-03
3.236394609933702145e-03
3.179731526688905907e-03
3.124461950461666221e-03
3.067820011487543304e-03
3.013689983850779443e-03
2.959773351124644729e-03
2.906329963961440215e-03
2.855732100270515997e-03
2.806135924802362260e-03
2.757188575660663062e-03
2.711310582085262565e-03
2.663522714521344634e-03
2.618315124360165794e-03
2.574017010676862664e-03
2.527991809203250246e-03
2.484319427931817176e-03
2.442968135186503707e-03
2.403670925476311150e-03
2.365302148281595452e-03
2.326103904170591635e-03
2.287400729372112383e-03
2.248762325607710569e-03
2.213811082212175860e-03
2.177619564881345254e-03
2.142784560418653332e-03
2.110001196093209182e-03
2.077632541177490671e-03
2.045098525258518072e-03
2.014033459721061708e-03
1.983701225841740749e-03
1.954571361714425772e-03
1.924910107395320664e-03
1.896746658188106166e-03
1.868975245888704513e-03
1.840447397009587144e-03
1.813823901639058985e-03
1.787111412542376643e-03
1.760382438770243885e-03
1.734764260905081578e-03
1.710183014115801512e-03
1.685744031842400766e-03
1.662036537006946271e-03
1.638603870719574978e-03
1.615081885497086445e-03
1.592531850639561722e-03
1.570295417510847273e-03
1.549016665255924631e-03
1.527496757894813463e-03
1.506930996485674216e-03
1.485609681250277259e-03
