2.083498969204340967e-01
2.066851525330356820e-01
2.050493523340828628e-01
2.033656413506291782e-01
2.017094554426693276e-01
2.000591148034748523e-01
1.983887048485898086e-01
1.967462954065826719e-01
1.951113094850177865e-01
1.934830601737792255e-01
1.918685833385681827e-01
1.902677757146188364e-01
1.886669080992401104e-01
1.871065348960267161e-01
1.855576330712686572e-01
1.840479815043290501e-01
1.825354003276246084e-01
1.810506517150196892e-01
1.795645423969006726e-01
1.781089253752673462e-01
1.766692166372511030e-01
1.752488177716541307e-01
1.738434097553624991e-01
1.724505298869272729e-01
1.711146468570592938e-01
1.698034174152821540e-01
1.685299373759310826e-01
1.673014487630679337e-01
1.660802557428597004e-01
1.648990593851384079e-01
1.637381061316890984e-01
1.625793813409684707e-01
1.615156754893329050e-01
1.605028075765354834e-01
1.594990226535275835e-01
1.585369193426841850e-01
1.576056429073995624e-01
1.567050903158680453e-01
1.558774893205371881e-01
1.550991085627542176e-01
1.543430199840805095e-01
1.536675986790563553e-01
1.530414161258611405e-01
1.525183492295182353e-01
1.520288639984677115e-01
1.515954815612557682e-01
1.513218010383830525e-01
1.510901033094928236e-01
1.509596081367047260e-01
1.508767739995781065e-01
1.509421507728361533e-01
1.511075283413699233e-01
1.513379314025771749e-01
1.517078615289438603e-01
1.521629208872601058e-01
1.526614251942919331e-01
1.532674733009538603e-01
1.539285742939314749e-01
1.546625658061596686e-01
1.555232627157082936e-01
1.563963673528364073e-01
1.573310965118647486e-01
1.582949228952489074e-01
1.593868102095322703e-01
1.605073356187774469e-01
1.616569499858616643e-01
1.628274970860478510e-01
1.640669848079523152e-01
1.653260478375623288e-01
1.666616779076973698e-01
1.680272887729940823e-01
1.694517032313154759e-01
1.708844725382286378e-01
1.723796722483432187e-01
1.738851530892060460e-01
1.753959317266634843e-01
1.769445217188048702e-01
1.785364742671770311e-01
1.801451577689493488e-01
1.817776221427525596e-01
1.834082523450402125e-01
1.850458433241421730e-01
1.867181474449288170e-01
1.884105396017499712e-01
1.900911766507303868e-01
1.918045354613593934e-01
1.935305837914646776e-01
1.952773826151515679e-01
1.970172738637355481e-01
1.987712373565389823e-01
2.005434305230058556e-01
2.023073609036999676e-01
2.040854182563174302e-01
2.058845911538602080e-01
2.076752841659074145e-01
2.094637008897574648e-01
2.112692468173476001e-01
2.130778979506526838e-01
2.148758967423577415e-01
2.167013685567323322e-01
2.185261276472884318e-01
2.203501686326579112e-01
2.221583962376495469e-01
2.239981907799482863e-01
2.258457104903739410e-01
2.276471654276585044e-01
2.294739693764842603e-01
2.312934939715219906e-01
2.331257700897557406e-01
2.349705176730953471e-01
2.368137326604940474e-01
2.386742501471618705e-01
2.405301633059769573e-01
2.424008577533199593e-01
2.442488346918825215e-01
2.460919107633432468e-01
2.479554215153768615e-01
2.498452952419815964e-01
2.516821709836292165e-01
2.535565473390911095e-01
2.554451129295835510e-01
2.573143402392102930e-01
2.591903639659023928e-01
2.610784901335825303e-01
2.629647129595026889e-01
2.648382399651866836e-01
2.667526517413493226e-01
2.686277727410077976e-01
2.705176942008766794e-01
2.723913656259907001e-01
2.742736253221456644e-01
2.761621133270849571e-01
2.780536419332358955e-01
2.799336463036461442e-01
2.818508165166179191e-01
2.837439773235982399e-01
2.856504311077850966e-01
2.875236523465249938e-01
2.894419544441174663e-01
2.913226265910101032e-01
2.932317090022094619e-01
2.951247762529529695e-01
2.970204463771706216e-01
2.989406116826182069e-01
3.008480582902445799e-01
3.027626502265086117e-01
3.046566850160721263e-01
3.065925748162316444e-01
3.085122858712832095e-01
3.104229952367560386e-01
3.123231345550537275e-01
3.142493648127770989e-01
3.161710010176230767e-01
3.181015605982849270e-01
3.199964096870571151e-01
3.219300134981131212e-01
3.238484438637134200e-01
3.257626454487101419e-01
3.276993215631352485e-01
3.296274501504586341e-01
3.315686977292794380e-01
3.334806905836746882e-01
3.353814547489108455e-01
3.373067392911482942e-01
3.392405547281150957e-01
3.411757085007193213e-01
3.431222706155739322e-01
3.450477988177306776e-01
3.469942942816999221e-01
3.489277768245178657e-01
3.508691080328786294e-01
3.528092775508770984e-01
3.547502511654527235e-01
3.566955365757905616e-01
3.586259423924604284e-01
3.605652957730725028e-01
3.624958204484183266e-01
3.644412249846804008e-01
3.663831012953632782e-01
3.683249012742250139e-01
3.702565713142546566e-01
3.721808959011735918e-01
3.741213529984137587e-01
3.760827091146692336e-01
3.780251967271902047e-01
3.799694511475396053e-01
3.819104461289748453e-01
3.838508196769832570e-01
3.857980644709006479e-01
3.877418085675430337e-01
3.896823310397262152e-01
3.916259864513099154e-01
3.935691523942551062e-01
3.955175608082498462e-01
3.974537230931761700e-01
3.994173825141814627e-01
4.013665209536254053e-01
4.033280684662977622e-01
4.052783350890299952e-01
4.072278250359780416e-01
