3.296462648968892517e-01
3.280437371389939294e-01
3.264252793537975039e-01
3.247599635605706858e-01
3.231145716182700078e-01
3.215055211938265267e-01
3.198316779842977353e-01
3.182291955405394113e-01
3.165722899159212900e-01
3.149222367773800713e-01
3.132306094255938866e-01
3.115702146705356390e-01
3.098867905475387596e-01
3.081562419656497243e-01
3.065870572456692589e-01
3.049587538978518197e-01
3.033387828647700069e-01
3.017693301652522031e-01
3.001620072827383412e-01
2.984700333047501930e-01
2.969372906138244006e-01
2.953375105409897783e-01
2.936547571071602691e-01
2.920842925335698781e-01
2.904887851326707904e-01
2.889252481561978003e-01
2.873382866434997518e-01
2.856296513404465442e-01
2.840559932089502526e-01
2.824573854933069006e-01
2.808143532397617825e-01
2.791058824678889771e-01
2.774839272060156126e-01
2.759466144686677502e-01
2.744770553874163466e-01
2.729974432207064594e-01
2.715002212293320949e-01
2.699951368710580835e-01
2.685281734447525492e-01
2.670546789626034867e-01
2.655781973728471579e-01
2.642728552859327507e-01
2.629946413500859892e-01
2.617644420018198081e-01
2.606478878233243202e-01
2.595370530476164284e-01
2.586333850033818993e-01
2.575199411839609875e-01
2.566085665555639106e-01
2.554270519414483798e-01
2.544696475784409273e-01
2.538353179480214994e-01
2.528932947843394730e-01
2.521802630194718287e-01
2.514690269310080328e-01
2.508344544415103128e-01
2.500691110333984613e-01
2.496953660875469716e-01
2.491882376829098467e-01
2.487315752693631254e-01
2.482481277631189143e-01
2.477134181897964749e-01
2.471517415434546505e-01
2.466897761622256213e-01
2.462246218071018622e-01
2.458396730567008748e-01
2.455998256495219578e-01
2.454393544929371340e-01
2.451808172939313746e-01
2.450482805970810030e-01
2.449698932462069934e-01
2.449488440783785803e-01
2.449465322633734288e-01
2.449417529659053960e-01
2.449701799759561871e-01
2.449080669448687742e-01
2.448958517869181117e-01
2.450566452344573043e-01
2.451045176571429451e-01
2.450883715938299845e-01
2.453050696789268736e-01
2.455592411127298647e-01
2.460351510563030253e-01
2.461946808767595529e-01
2.464144606712582175e-01
2.469176596015305036e-01
2.472778567011502948e-01
2.477542019881446844e-01
2.484909808537736353e-01
2.490434872596839766e-01
2.495778526839793066e-01
2.501302719022172050e-01
2.508274135890811718e-01
2.514395620163286660e-01
2.521834828995784816e-01
2.528685141280638815e-01
2.535196906013905127e-01
2.544339659771261419e-01
2.551192432895335593e-01
2.561852648709473934e-01
2.569669249169304615e-01
2.579197045670893473e-01
2.591697960398375855e-01
2.602191072227276192e-01
2.612916951167177371e-01
2.623025860689965905e-01
2.635439306582848529e-01
2.647937555307715018e-01
2.661545930146355099e-01
2.675542358216166927e-01
2.690115965584164437e-01
2.704242972821671587e-01
2.720240083728773239e-01
2.735598462022950650e-01
2.751049553320318863e-01
2.767237687037095717e-01
2.783430822673506055e-01
2.799064862201816051e-01
2.814381194503119410e-01
2.830487839020462415e-01
2.845952211101182572e-01
2.862316258682793824e-01
2.878326225997372978e-01
2.893757786533227572e-01
2.909732906957991916e-01
2.925551640698517697e-01
2.941463762207000565e-01
2.956700041813478674e-01
2.973131274126848966e-01
2.989362064394965879e-01
3.005687779093140777e-01
3.022045553027474241e-01
3.037780096893368253e-01
3.053772976906281578e-01
3.070436427304653049e-01
3.086711611242394793e-01
3.102352008023880892e-01
3.118258234464856837e-01
3.135096996689791249e-01
3.151713475915930429e-01
3.168000394574131406e-01
3.184759310278627020e-01
3.201215637536579672e-01
3.218940608860041963e-01
3.235926538876525704e-01
3.252992513401164465e-01
3.269299305826412483e-01
3.286920200868064801e-01
3.302979397069683576e-01
3.318989165967802246e-01
3.336789711936934966e-01
3.353997813939119110e-01
3.370898182400763887e-01
3.387723081674816616e-01
3.404503915412880333e-01
3.420709564261806279e-01
3.436053537951642700e-01
3.453156527504850914e-01
3.470492501011425701e-01
3.487789407980328438e-01
3.505149032748539062e-01
3.521520393892664247e-01
3.538775039427951019e-01
3.556610798035281795e-01
3.575025065919846257e-01
3.592070274820528542e-01
3.607810459168586115e-01
3.625658833954638616e-01
3.642526136063631848e-01
3.658898188607455637e-01
3.675964115003758081e-01
3.693199386306754151e-01
3.710328965673326262e-01
3.727484062968933198e-01
3.744906379110131134e-01
3.761655227310012894e-01
3.778489786874184020e-01
3.796293579938789242e-01
3.813725031243142549e-01
3.830567718236932429e-01
3.847886625554868267e-01
3.864275695635146501e-01
3.879827312016468910e-01
3.898053997251291758e-01
3.915615089117008285e-01
3.933098663823104135e-01
3.949734940749599077e-01
3.967705735065358286e-01
3.985304468359016083e-01
4.003126038287740385e-01
4.020844445231976927e-01
4.038970669473339048e-01
4.056269115323422048e-01
4.073412393287304534e-01
4.090650273110842949e-01
4.108359261197991330e-01
4.126462087128969225e-01
4.143674472002357168e-01
4.161015704498255974e-01
4.179588610921238789e-01
