2.581390884625829000e-03
2.630029779955666766e-03
2.678021874643187351e-03
2.728134486226681428e-03
2.783873469274098823e-03
2.837006854108263271e-03
2.887983269663335715e-03
2.942854005014827485e-03
2.997427983851107345e-03
3.056884325457664021e-03
3.115326058904095436e-03
3.175541081046313364e-03
3.235550006819185639e-03
3.298155264336742262e-03
3.367104271377894652e-03
3.439774092609500841e-03
3.509798257050059361e-03
3.578432517952249113e-03
3.647957984559476331e-03
3.723227403836728774e-03
3.793558116808412161e-03
3.869083170993154689e-03
3.939584191334406967e-03
4.014714855290538870e-03
4.094611365455851949e-03
4.167299803205727800e-03
4.245562095926020199e-03
4.334384030722246081e-03
4.419416099511559379e-03
4.502906865740814203e-03
4.577338444714917041e-03
4.662431575789441167e-03
4.746212780139042429e-03
4.823849197888033929e-03
4.918015007421195142e-03
4.995193838958070752e-03
5.077485731643184910e-03
5.168019910674818800e-03
5.258184480034238002e-03
5.329964585948012736e-03
5.415675840041133879e-03
5.486576026701214109e-03
5.566039601472483854e-03
5.649262752611947970e-03
5.726191045582665513e-03
5.792219061954009991e-03
5.875896466117428753e-03
5.945190952763988734e-03
6.006279313317072592e-03
6.056160450925446824e-03
6.116768396076215086e-03
6.193028524609211702e-03
6.252721488457471666e-03
6.316872318778058923e-03
6.366148773559170138e-03
6.451772538533744224e-03
6.522417976394544181e-03
6.547320406525071121e-03
6.583982449776466447e-03
6.640754715053243627e-03
6.692762195033032796e-03
6.704992908969985982e-03
6.727523050450351372e-03
6.737139829557908972e-03
6.758572437626089897e-03
6.764858934566986629e-03
6.760588831464064800e-03
6.775546705208733769e-03
6.773969736243332269e-03
6.774504520771115236e-03
6.780217618410851015e-03
6.767718344316666149e-03
6.762924428807431422e-03
6.772024945763629490e-03
6.741348364288741839e-03
6.726859355751317257e-03
6.707041715242752569e-03
6.715365871971508069e-03
6.671124655573509171e-03
6.623799799077799248e-03
6.592957714681677538e-03
6.547249992394351369e-03
6.508465844940193069e-03
6.486971688239817797e-03
6.432941236152454542e-03
6.380170294288656056e-03
6.328434609749675199e-03
6.263153548693159954e-03
6.213744301177035780e-03
6.141762550985513554e-03
6.088839164969227918e-03
6.018930925660081165e-03
5.926641848981953169e-03
5.856448133580854920e-03
5.781988156339719874e-03
5.720186368961155399e-03
5.634412555182198058e-03
5.554557330619210725e-03
5.479826867246014727e-03
5.413333451319469851e-03
5.335849823794604728e-03
5.249016181248792462e-03
5.168182928745595518e-03
5.085759554476068818e-03
5.006899840429851131e-03
4.915972509732182902e-03
4.837328356576898331e-03
4.753172028436843978e-03
4.680501447535886060e-03
4.591690819751544257e-03
4.515069269639488715e-03
4.429449830390633225e-03
4.346000949875592281e-03
4.275515514021156933e-03
4.189442845176433866e-03
4.105594275845183237e-03
4.028901803472347345e-03
3.945061281357830837e-03
3.864668448791594955e-03
3.788021790838315330e-03
3.711677644078888345e-03
3.644555914480610871e-03
3.577210392778481553e-03
3.500954628692504438e-03
3.435878504312047700e-03
3.371170102635267195e-03
3.306555686158269176e-03
3.234050771704634255e-03
3.168353742852365613e-03
3.111028558427286241e-03
3.050876140691970335e-03
2.985777814842250754e-03
2.928044648551971982e-03
2.872018563790251951e-03
2.816038440060846578e-03
2.761962028498362708e-03
2.707501877169661304e-03
2.653633230847997262e-03
2.607502432936904899e-03
2.560483937110444481e-03
2.513928219540270854e-03
2.469732364914955548e-03
2.421631608840274247e-03
2.373902924591229750e-03
2.328310630630100759e-03
2.284817850618733621e-03
2.244188756626418896e-03
2.205127854216309535e-03
2.167443236750173086e-03
2.126461482058780109e-03
2.085042071604971143e-03
2.046926289379635833e-03
2.010560627962944009e-03
1.975726279966635510e-03
1.943766365460765583e-03
1.910729073564818633e-03
1.874312143569222206e-03
1.842473560433413073e-03
1.811661714962306590e-03
1.784408850811020292e-03
1.755743772688508593e-03
1.727251420801171429e-03
1.699018409039794713e-03
1.670172758931006947e-03
1.643306773067123748e-03
1.615691218984317921e-03
1.587932678921443602e-03
1.559548623022202415e-03
1.535862187086551147e-03
1.508746632484337085e-03
1.485999535113271836e-03
1.464579173978490826e-03
1.441113314841482472e-03
1.419666320260718102e-03
1.398656533167227239e-03
1.377943961222057642e-03
1.357118882453287349e-03
1.335782602023744860e-03
1.314914459936352168e-03
1.296630598746942222e-03
1.278713420982688928e-03
1.259021178260168053e-03
1.238967667497314039e-03
1.221173520432610729e-03
1.204166022568729658e-03
1.187087361653027919e-03
1.169780310971570364e-03
1.153613767503262931e-03
1.137298509577832750e-03
1.122294030358686511e-03
1.106493126553863586e-03
1.090196868138151734e-03
1.075999631499284298e-03
1.060812038891828729e-03
1.043945660718089731e-03
1.030643085846087324e-03
1.016824823798593083e-03
1.003408323223107688e-03
9.898340791847674500e-04
9.752711921952191519e-04
