1.597039274182031898e-01
1.600774479106575332e-01
1.604117563050188322e-01
1.608560293705324773e-01
1.612403536463772324e-01
1.616257378934556899e-01
1.620526843108676951e-01
1.623395376903219722e-01
1.626367676567859466e-01
1.629567787120817512e-01
1.632428369130750623e-01
1.634286803007151678e-01
1.635183906470450976e-01
1.638038994755441902e-01
1.639871763194210852e-01
1.641305549244401474e-01
1.643615576460707162e-01
1.645460517181549509e-01
1.645989145442073864e-01
1.647012439651711069e-01
1.649105846299467604e-01
1.650241671383115005e-01
1.651021688187079839e-01
1.651549604122151960e-01
1.652611963133731321e-01
1.653243001393109035e-01
1.654210666340884262e-01
1.654553905521085333e-01
1.653864605856322778e-01
1.654916459872821655e-01
1.656284565645404772e-01
1.657377748258611894e-01
1.657367540041753406e-01
1.658100582883035579e-01
1.659515077888296108e-01
1.659884153548805696e-01
1.659732016248202657e-01
1.660122515816317146e-01
1.660765701355378654e-01
1.661080356416711201e-01
1.662355013048384955e-01
1.663020076196135288e-01
1.663116300804015069e-01
1.664234627928191101e-01
1.664976405512638147e-01
1.666158867582885617e-01
1.666880958456722905e-01
1.667694043470412391e-01
1.667293822142090209e-01
1.667191527409010721e-01
1.667530098839456465e-01
1.668104139000599895e-01
1.668911391050158788e-01
1.669195010997629181e-01
1.668075685102777816e-01
1.666999162987698735e-01
1.666709310623591400e-01
1.667212668429939315e-01
1.667125177233162447e-01
1.666393640840509449e-01
1.665826237327934500e-01
1.666205799322914849e-01
1.665925897820961232e-01
1.666597071863847590e-01
1.667361008066811090e-01
1.667683794294601007e-01
1.667405056792941875e-01
1.667196869062070319e-01
1.667708580226703319e-01
1.667694152685282039e-01
1.667783713191881012e-01
1.668063870556908412e-01
1.668231241628266304e-01
1.668333927345401757e-01
1.668250086496263218e-01
1.668209454996197050e-01
1.667641983925604032e-01
1.667673944523899165e-01
1.667634028008611047e-01
1.665938463137221215e-01
1.665626296857164179e-01
1.665199367687970611e-01
1.665317862963151263e-01
1.664958515312895959e-01
1.665804764167946872e-01
1.665698428082605098e-01
1.665471104144549686e-01
1.665864262206790125e-01
1.664798192893660322e-01
1.664945894344753430e-01
1.664166026038656765e-01
1.663228415441871944e-01
1.663435315329083453e-01
1.662879060813867438e-01
1.662656774893266909e-01
1.661922577752458774e-01
1.660263616637711881e-01
1.659838331640800801e-01
1.659688528832956034e-01
1.658471160781723186e-01
1.658203990583574650e-01
1.658458326014006501e-01
1.657373553880836237e-01
1.656507833831770138e-01
1.657226661937028223e-01
1.657187486094164330e-01
1.655446946183844747e-01
1.655017345563292164e-01
1.654960340722132772e-01
1.655264535441734741e-01
1.655027764918640121e-01
1.654148213531704270e-01
1.653230147017395735e-01
1.653106541424674836e-01
1.652179246029023552e-01
1.650471870683485887e-01
1.649548130152755088e-01
1.648880043459682865e-01
1.647925170429103969e-01
1.646628920127892193e-01
1.644594213315994646e-01
1.642837071890373424e-01
1.641605037093543384e-01
1.640694623404670982e-01
1.639150593727282945e-01
1.636919627206940286e-01
1.635543655697918042e-01
1.631999195345531228e-01
1.630354425477937019e-01
1.627696575035018911e-01
1.625188763699150496e-01
1.622602628221492260e-01
1.619532113335568624e-01
1.616008986868550934e-01
1.613373634209978036e-01
1.610161132103473391e-01
1.605876395334046303e-01
1.601202600102908657e-01
1.597441432660307303e-01
1.593549670204984503e-01
1.589280879589015649e-01
1.584124056043517137e-01
1.579872006499546122e-01
1.574104815119812539e-01
1.567622860513969429e-01
1.561545702748540487e-01
1.554080349519921522e-01
1.546860427785818337e-01
1.538740373565147812e-01
1.529455862701424029e-01
1.520552372644411454e-01
1.511603406865098809e-01
1.503044067007651419e-01
1.493812110513014768e-01
1.483857900875834301e-01
1.473134612678927702e-01
1.463281312235345799e-01
1.453556696223820555e-01
1.443738694334045780e-01
1.434490432349162514e-01
1.423792360234089061e-01
1.413776958199144118e-01
1.403455117047498479e-01
1.392968113759611715e-01
1.382793940528424526e-01
1.373212623135222354e-01
1.362366348541625694e-01
1.352240452449716690e-01
1.342241241662711637e-01
1.332060726432759412e-01
1.322460293422953459e-01
1.312049480065570484e-01
1.302316129781815046e-01
1.293573094931159684e-01
1.284191305899013980e-01
1.274457847849549408e-01
1.265772106412320352e-01
1.256744185122671276e-01
1.247441761887568001e-01
1.238223972233008091e-01
1.229432590920116197e-01
1.221523726644579005e-01
1.212775414528340645e-01
1.203916688691326620e-01
1.194843197021232817e-01
1.186644559717156960e-01
1.177298119418861283e-01
1.168618229946561532e-01
1.159451432695220302e-01
1.151334498716021781e-01
1.142738797695942443e-01
1.134038711453350251e-01
1.125478030896746723e-01
1.117382787059777866e-01
1.108441426267989804e-01
1.100412248593713449e-01
1.091571423230116439e-01
1.083247800011551271e-01
1.075669671762103929e-01
1.068186352834000624e-01
