1.350000000000000089e-01
1.360804020100502554e-01
1.371608040201005019e-01
1.382412060301507761e-01
1.393216080402010226e-01
1.404020100502512691e-01
1.414824120603015156e-01
1.425628140703517621e-01
1.436432160804020086e-01
1.447236180904522551e-01
1.458040201005025294e-01
1.468844221105527759e-01
1.479648241206030224e-01
1.490452261306532689e-01
1.501256281407035154e-01
1.512060301507537896e-01
1.522864321608040361e-01
1.533668341708542826e-01
1.544472361809045291e-01
1.555276381909547756e-01
1.566080402010050221e-01
1.576884422110552686e-01
1.587688442211055428e-01
1.598492462311557893e-01
1.609296482412060358e-01
1.620100502512562823e-01
1.630904522613065288e-01
1.641708542713567753e-01
1.652512562814070496e-01
1.663316582914572961e-01
1.674120603015075426e-01
1.684924623115577891e-01
1.695728643216080356e-01
1.706532663316582821e-01
1.717336683417085563e-01
1.728140703517588028e-01
1.738944723618090493e-01
1.749748743718592958e-01
1.760552763819095423e-01
1.771356783919598166e-01
1.782160804020100353e-01
1.792964824120603096e-01
1.803768844221105561e-01
1.814572864321608026e-01
1.825376884422110491e-01
1.836180904522612956e-01
1.846984924623115698e-01
1.857788944723618163e-01
1.868592964824120628e-01
1.879396984924623093e-01
1.890201005025125558e-01
1.901005025125628023e-01
1.911809045226130488e-01
1.922613065326633230e-01
1.933417085427135695e-01
1.944221105527638160e-01
1.955025125628140625e-01
1.965829145728643090e-01
1.976633165829145833e-01
1.987437185929648020e-01
1.998241206030150763e-01
2.009045226130653228e-01
2.019849246231155693e-01
2.030653266331658435e-01
2.041457286432160623e-01
2.052261306532663365e-01
2.063065326633165830e-01
2.073869346733668295e-01
2.084673366834170760e-01
2.095477386934673225e-01
2.106281407035175968e-01
2.117085427135678155e-01
2.127889447236180898e-01
2.138693467336683363e-01
2.149497487437185828e-01
2.160301507537688570e-01
2.171105527638190758e-01
2.181909547738693500e-01
2.192713567839195965e-01
2.203517587939698430e-01
2.214321608040200895e-01
2.225125628140703360e-01
2.235929648241206102e-01
2.246733668341708290e-01
2.257537688442211032e-01
2.268341708542713497e-01
2.279145728643215962e-01
2.289949748743718705e-01
2.300753768844220892e-01
2.311557788944723635e-01
2.322361809045226100e-01
2.333165829145728565e-01
2.343969849246231030e-01
2.354773869346733495e-01
2.365577889447236237e-01
2.376381909547738425e-01
2.387185929648241167e-01
2.397989949748743632e-01
2.408793969849246097e-01
2.419597989949748562e-01
2.430402010050251027e-01
2.441206030150753770e-01
2.452010050251255957e-01
2.462814070351758700e-01
2.473618090452261165e-01
2.484422110552763630e-01
2.495226130653266372e-01
2.506030150753768559e-01
2.516834170854271302e-01
2.527638190954774045e-01
2.538442211055276232e-01
2.549246231155778419e-01
2.560050251256281162e-01
2.570854271356783904e-01
2.581658291457286092e-01
2.592462311557788834e-01
2.603266331658291577e-01
2.614070351758793764e-01
2.624874371859295952e-01
2.635678391959799249e-01
2.646482412060301437e-01
2.657286432160803624e-01
2.668090452261306367e-01
2.678894472361809109e-01
2.689698492462311297e-01
2.700502512562814039e-01
2.711306532663316782e-01
2.722110552763818969e-01
2.732914572864321157e-01
2.743718592964823899e-01
2.754522613065326642e-01
2.765326633165828829e-01
2.776130653266331572e-01
2.786934673366834314e-01
2.797738693467336502e-01
2.808542713567838689e-01
2.819346733668341431e-01
2.830150753768844174e-01
2.840954773869346361e-01
2.851758793969849104e-01
2.862562814070351846e-01
2.873366834170854034e-01
2.884170854271356221e-01
2.894974874371858964e-01
2.905778894472361706e-01
2.916582914572863894e-01
2.927386934673366636e-01
2.938190954773869379e-01
2.948994974874371566e-01
2.959798994974873754e-01
2.970603015075377051e-01
2.981407035175879239e-01
2.992211055276381426e-01
3.003015075376884169e-01
3.013819095477386911e-01
3.024623115577889099e-01
3.035427135678391841e-01
3.046231155778894584e-01
3.057035175879396771e-01
3.067839195979898959e-01
3.078643216080401701e-01
3.089447236180904444e-01
3.100251256281406631e-01
3.111055276381909374e-01
3.121859296482412116e-01
3.132663316582914304e-01
3.143467336683416491e-01
3.154271356783919233e-01
3.165075376884421976e-01
3.175879396984924163e-01
3.186683417085426906e-01
3.197487437185929648e-01
3.208291457286431836e-01
3.219095477386934023e-01
3.229899497487437321e-01
3.240703517587939508e-01
3.251507537688441696e-01
3.262311557788944438e-01
3.273115577889447181e-01
3.283919597989949368e-01
3.294723618090452111e-01
3.305527638190954853e-01
3.316331658291457041e-01
3.327135678391959228e-01
3.337939698492461971e-01
3.348743718592964713e-01
3.359547738693466901e-01
3.370351758793969643e-01
3.381155778894472386e-01
3.391959798994974573e-01
3.402763819095476761e-01
3.413567839195979503e-01
3.424371859296482246e-01
3.435175879396984433e-01
3.445979899497487176e-01
3.456783919597989918e-01
3.467587939698492105e-01
3.478391959798994293e-01
3.489195979899497035e-01
3.499999999999999778e-01
