6.113326055819636728e-01
6.199897436218441138e-01
6.295184178620386595e-01
6.395171111362353278e-01
6.489127654288255886e-01
6.591879343503190825e-01
6.698367979731651989e-01
6.804484579882539297e-01
6.920947037435006832e-01
7.051533598830578287e-01
7.189881097127327481e-01
7.327760033046998300e-01
7.458596509584362044e-01
7.597736365300455930e-01
7.744378435665886240e-01
7.902346611073232108e-01
8.074607243105614840e-01
8.240817377794456000e-01
8.412995691188998038e-01
8.592703825637632020e-01
8.774976627211308333e-01
8.967300957933096450e-01
9.172331768422987697e-01
9.368993204946632902e-01
9.553579684164142938e-01
9.755130812969731169e-01
9.967650414793618463e-01
1.015666837517331444e+00
1.034822113102050301e+00
1.052806394282649549e+00
1.072379759987577508e+00
1.091544329762683674e+00
1.109916983790683265e+00
1.126300740195985695e+00
1.143575216112370008e+00
1.158791402287051575e+00
1.175127352001848369e+00
1.189762338192400515e+00
1.201642600552107920e+00
1.212881392160243266e+00
1.223935805870689730e+00
1.231500650926489859e+00
1.238614515110644909e+00
1.243194972498028239e+00
1.245442635365345829e+00
1.247197903559640997e+00
1.244694299474372823e+00
1.241968546560892950e+00
1.235305640031049368e+00
1.225851634713889027e+00
1.213300248392916725e+00
1.200291278922358096e+00
1.183097465652279023e+00
1.165683584433915509e+00
1.144332256135440096e+00
1.123600007856477179e+00
1.100734168235683264e+00
1.075966755242868667e+00
1.050413197994302106e+00
1.023846365291993799e+00
9.964349103763353588e-01
9.681903117623480437e-01
9.398620919859932421e-01
9.105498540746679303e-01
8.824313927005196234e-01
8.530427551317059098e-01
8.238381594222646820e-01
7.948800865300491569e-01
7.670879614161775217e-01
7.394027874866974104e-01
7.112453755124421573e-01
6.848400543680233099e-01
6.581129312712264978e-01
6.325487082953368256e-01
6.065064082474524998e-01
5.803763770869678762e-01
5.546252029859587429e-01
5.311359517798632801e-01
5.085173897507713203e-01
4.867751777919872014e-01
4.653614017419472892e-01
4.446995300184249378e-01
4.252479659072492257e-01
4.065032615393258664e-01
3.880661832811034828e-01
3.698261116674370630e-01
3.534557587816919977e-01
3.378224417765345877e-01
3.230043267327220580e-01
3.084835919549994698e-01
2.947486480579508128e-01
2.812031086831393023e-01
2.685481248638587615e-01
2.566638224482841180e-01
2.454516394175044747e-01
2.349400293328457179e-01
2.249818600189536777e-01
2.162061087264162962e-01
2.078041518341990079e-01
1.995066614872395561e-01
1.918942360017383553e-01
1.847165415299290292e-01
1.781152221307042982e-01
1.719349560369839991e-01
1.666508504176588412e-01
1.614471135523471712e-01
1.570811781642555693e-01
1.529753565048679875e-01
1.491156409355443302e-01
1.456438564466843166e-01
1.428064111997648100e-01
1.399480502140126870e-01
1.373331506863118556e-01
1.347703250419134691e-01
1.330422136542108169e-01
1.312525447082303343e-01
1.294793425839868839e-01
1.279058679148951660e-01
1.262937328608884635e-01
1.250392075947680259e-01
1.237130394662377536e-01
1.220929612187275082e-01
1.215711777995518023e-01
1.205926454110179541e-01
1.195465976068144365e-01
1.184078650886821876e-01
1.170363832397192799e-01
1.158383371214067453e-01
1.152159589204162782e-01
1.142629027714317652e-01
1.132669781067037890e-01
1.126481330469474157e-01
1.113458856508519890e-01
1.106301004799850884e-01
1.099394475984454278e-01
1.087415372397597946e-01
1.075661823820030089e-01
1.066412660282708147e-01
1.053724966947665459e-01
1.044685817912065634e-01
1.037045496161007746e-01
1.029730310826410394e-01
1.018130666503559434e-01
1.008268639031488917e-01
9.996552690544034669e-02
9.921549325460779500e-02
9.843170574136973772e-02
9.736192120076204992e-02
9.675440791454045786e-02
9.606919541346521652e-02
9.557788198115893530e-02
9.470482046009218169e-02
9.408488908075804402e-02
9.313767715982576578e-02
9.246027173190257686e-02
9.178463177946363794e-02
9.127434769292588901e-02
9.091045880626545672e-02
9.015689220210688914e-02
8.978603488030044433e-02
8.911776976090887703e-02
8.866385715005488388e-02
8.834947341980975422e-02
8.810797564752763378e-02
8.780363396879306559e-02
8.759184525713548108e-02
8.718145292736627361e-02
8.715354015131258902e-02
8.664545600854886565e-02
8.642703065854881461e-02
8.640313059718310318e-02
8.591807115837837849e-02
8.575848068135634439e-02
8.545006853366100830e-02
8.526549266382925374e-02
8.493788413798102066e-02
8.487846065607783375e-02
8.451852005580277882e-02
8.428886986811756632e-02
8.425441952267938295e-02
8.397236271418316578e-02
8.382752328185444357e-02
8.355951219999314949e-02
8.327749177612810139e-02
8.301565102962672749e-02
8.294097065109277966e-02
8.282520020705146091e-02
8.277059774163009198e-02
8.259849618897026347e-02
8.250071357987236176e-02
8.232073089705156665e-02
8.194888204168952750e-02
8.187265483713480896e-02
8.177757581357675276e-02
8.147889961294921268e-02
8.115763452062227379e-02
8.138403852506924385e-02
8.088858203882422215e-02
8.097465304112426432e-02
8.083628072686462052e-02
