6.523586398983813872e-01
6.634978524765940966e-01
6.738123407898751749e-01
6.851546642288056654e-01
6.961534181530785181e-01
7.079095498551594146e-01
7.196794539453410522e-01
7.308708236971819261e-01
7.432166726709743543e-01
7.552599675188920170e-01
7.662124897656776845e-01
7.781852207723196635e-01
7.892147624896252989e-01
8.012227945147627484e-01
8.129161566121511084e-01
8.235466651891329981e-01
8.343313951488524616e-01
8.439135279317014904e-01
8.535848502934455517e-01
8.621439966867433524e-01
8.684524461329961031e-01
8.738289332644305629e-01
8.763112629011756693e-01
8.765448684645550381e-01
8.752308894558507024e-01
8.695711285617833131e-01
8.638288380644927322e-01
8.576623849251575615e-01
8.486919496296014831e-01
8.380428857052142355e-01
8.265027640500139938e-01
8.144734556105602818e-01
8.010152044020348860e-01
7.865897605241104484e-01
7.714499081787199453e-01
7.551222806898126860e-01
7.392217149400477361e-01
7.229017197433990072e-01
7.054049940302882238e-01
6.893263435986605181e-01
6.725271963892924809e-01
6.547397066318230152e-01
6.374230871423427480e-01
6.203180656339762900e-01
6.035859890750268075e-01
5.863860026024423355e-01
5.684098706658505806e-01
5.512836965923143540e-01
5.341316635151209802e-01
5.177506604705274240e-01
5.015261863705381407e-01
4.851463445511156047e-01
4.684251434813859749e-01
4.529869519357092589e-01
4.377519248397764295e-01
4.235371950853047962e-01
4.092363318514906090e-01
3.945566742435664964e-01
3.799410827284478986e-01
3.657071111608919955e-01
3.521068106026297162e-01
3.389674290294263925e-01
3.266145484065221538e-01
3.147648964729494181e-01
3.026537123967384391e-01
2.906944474491703345e-01
2.785735405937224130e-01
2.672379114490452401e-01
2.562136110075352580e-01
2.455094425337495112e-01
2.354422390629378192e-01
2.255924177255647367e-01
2.157989545587127300e-01
2.057443030398271588e-01
1.962421122074433644e-01
1.874440295985310700e-01
1.784418385281742458e-01
1.699947684665364667e-01
1.618412477581673281e-01
1.538702556183572101e-01
1.464477244407537959e-01
1.391030571172120200e-01
1.319006450116335660e-01
1.249118266881985434e-01
1.182132160679522370e-01
1.114111680795022291e-01
1.050407150520997757e-01
9.885487665751897801e-02
9.318363919190385258e-02
8.768342864622556687e-02
8.243723745981659801e-02
7.770573258261297134e-02
7.288438486953896511e-02
6.827460678345985412e-02
6.397966375525461491e-02
5.984350889743821761e-02
5.607770178277813461e-02
5.250430893345159333e-02
4.904729458614347920e-02
4.580915994036530159e-02
4.279124602656617093e-02
3.992100255915786294e-02
3.719130849293006413e-02
3.466598312886842725e-02
3.221389925945466332e-02
3.005244822529835880e-02
2.827843163837228183e-02
2.654836395580706387e-02
2.492185107231173133e-02
2.348261788896391020e-02
2.226228372717921344e-02
2.103223216603996790e-02
2.006069131908905234e-02
1.922962095279544606e-02
1.852403981999012350e-02
1.793935103917125920e-02
1.726176996837830435e-02
1.675032786881529637e-02
1.625975232090412503e-02
1.587426458202972901e-02
1.563642587489655345e-02
1.549103359490491306e-02
1.528163760737703131e-02
1.517374819014622594e-02
1.518141588484354758e-02
1.511668501145003833e-02
1.531466641978939704e-02
1.533724685022642281e-02
1.553224636109960637e-02
1.585967436563769442e-02
1.611187605924479724e-02
1.630949492132754280e-02
1.652782000917355290e-02
1.676078791251058367e-02
1.693308774420203625e-02
1.720354062168674703e-02
1.754558159111571994e-02
1.789153074905891136e-02
1.802534851997790802e-02
1.814198514558978612e-02
1.833327422002103968e-02
1.849546328307513643e-02
1.860187507689572278e-02
1.876407800472376999e-02
1.876533254360614883e-02
1.891904297384859601e-02
1.904028797469692336e-02
1.903646687809124743e-02
1.899062056807050702e-02
1.897461449078085075e-02
1.876496423852723819e-02
1.857429683280231725e-02
1.848497138775856072e-02
1.840664311961508204e-02
1.832655581019652230e-02
1.811887702738457229e-02
1.800849509281672936e-02
1.783277700714018185e-02
1.781192530057678150e-02
1.762848081368310546e-02
1.755255586554535507e-02
1.739484320899383971e-02
1.729143103219168975e-02
1.710364015781241226e-02
1.687710092929621888e-02
1.676083909183020623e-02
1.677474868966289875e-02
1.675343883986556495e-02
1.655396339660630822e-02
1.646201192187662921e-02
1.623334101309213337e-02
1.618319586583645206e-02
1.612415490541964022e-02
1.603170413466378438e-02
1.601376142695653051e-02
1.594969449987949581e-02
1.590581826602047860e-02
1.568854471305392018e-02
1.557242260860564748e-02
1.551921200006851735e-02
1.547861115266631685e-02
1.534840359348566691e-02
1.514633564963045569e-02
1.504244227592146932e-02
1.489903073176643278e-02
1.482432152622429472e-02
1.472941780063123478e-02
1.453178290217381832e-02
1.445905302492730450e-02
1.445496267429504690e-02
1.446526430378501996e-02
1.445068864280089210e-02
1.436674483019069817e-02
1.427237271666513888e-02
1.424474042290026048e-02
1.409492239373731463e-02
1.396285987362884742e-02
1.390147218891924635e-02
1.388474811593116802e-02
1.392237672362908567e-02
