6.756214345748683126e-02
6.792710163638913945e-02
6.826677929164769176e-02
6.861304782130353552e-02
6.902131016975202038e-02
6.940818759805922333e-02
6.981383787160896914e-02
7.023827328632310796e-02
7.065934272688326190e-02
7.109825464039055964e-02
7.151787689356280120e-02
7.199012267091288442e-02
7.247369555764129889e-02
7.297245487415182641e-02
7.348462969519459209e-02
7.405121204856209005e-02
7.461069693504743250e-02
7.516619308630383134e-02
7.570783445038277437e-02
7.627608000806926358e-02
7.684999071205038390e-02
7.743717451508269622e-02
7.799303502107966801e-02
7.857130833073350251e-02
7.913581456780258150e-02
7.971700667938727558e-02
8.027225097746451543e-02
8.074818106045161814e-02
8.121898593265847177e-02
8.163897433923322788e-02
8.201683329786227383e-02
8.236889008082604047e-02
8.270161314657835383e-02
8.289221309247209180e-02
8.318540015216301098e-02
8.336497792972916154e-02
8.348347574199539711e-02
8.355884110360904671e-02
8.354932145430855883e-02
8.354471242495695171e-02
8.350506618082728649e-02
8.342735440265042213e-02
8.332449715962243764e-02
8.313725230078815309e-02
8.290046226676091312e-02
8.264340020569661827e-02
8.238278343049465491e-02
8.206548548551140243e-02
8.174962511050018477e-02
8.138658636386335299e-02
8.103642550786924192e-02
8.065422274440449402e-02
8.022282712626446766e-02
7.973346790970957387e-02
7.920675211025750284e-02
7.871925400370258230e-02
7.813956542039432462e-02
7.751438969456259098e-02
7.685490983437875956e-02
7.621377886677120628e-02
7.552822010493497051e-02
7.481627991333830718e-02
7.408332565588980623e-02
7.334174150611239007e-02
7.260255408816868039e-02
7.185089626450391620e-02
7.111091615904945040e-02
7.041863814607983441e-02
6.967674224358907931e-02
6.893494503425434683e-02
6.821425662334504314e-02
6.750474636403566708e-02
6.677836639186432444e-02
6.602054346566507692e-02
6.528251690858027922e-02
6.458518032563283218e-02
6.389317212520362332e-02
6.318330223065685147e-02
6.247889486046051544e-02
6.176755829420092769e-02
6.109501917722368058e-02
6.041365421561289972e-02
5.971749172730371480e-02
5.906488642592810923e-02
5.839339875854382411e-02
5.779506624628578254e-02
5.725318233154867015e-02
5.665180279388522255e-02
5.604384782650271429e-02
5.540674998242121896e-02
5.476311832385626077e-02
5.420377286789412885e-02
5.355647521730406979e-02
5.294389110682675564e-02
5.235570616027931945e-02
5.177540372550339803e-02
5.124259835718386613e-02
5.069563405836501058e-02
5.011620710445244264e-02
4.952836089775357331e-02
4.898360185623396729e-02
4.841417513177401211e-02
4.780549166738885802e-02
4.720487448477612286e-02
4.659845578279003808e-02
4.600017655051799603e-02
4.539190903505012364e-02
4.480450005347803855e-02
4.426583461555064908e-02
4.372641950181793691e-02
4.313081738690203309e-02
4.257676875930106741e-02
4.201840848061770550e-02
4.146047685816446615e-02
4.084141383671748005e-02
4.031688091559946369e-02
3.973919176446725349e-02
3.916421173930453858e-02
3.857383840353970084e-02
3.800011620968314630e-02
3.741741338374296455e-02
3.686858496045157529e-02
3.631825845612112608e-02
3.576120964214821868e-02
3.519604725050348021e-02
3.458443521763385903e-02
3.399284242053399879e-02
3.337426049869230554e-02
3.277470070827998017e-02
3.214103020016929879e-02
3.150470311712834370e-02
3.088523867710610271e-02
3.027704623128180117e-02
2.963917584580529063e-02
2.902387065904634897e-02
2.840641987851249411e-02
2.775042547294579928e-02
2.710658599912744993e-02
2.646243039264641744e-02
2.581931243171512944e-02
2.518025963961666516e-02
2.454263501645520540e-02
2.385690011393827581e-02
2.321200277503128115e-02
2.252901352376918825e-02
2.188139996155899145e-02
2.124202908310070595e-02
2.054892280098512963e-02
1.987307557188373874e-02
1.918004131414794561e-02
1.851877402087639957e-02
1.782040464963890319e-02
1.713377571447503508e-02
1.643051224827016266e-02
1.574471324850479359e-02
1.505243450892194967e-02
1.433396761579223098e-02
1.360298208899295147e-02
1.282895553765606156e-02
1.206007919518197781e-02
1.131986864076758859e-02
1.056011538479093015e-02
9.798045847447620776e-03
9.004398012560657638e-03
8.221352138842239268e-03
7.439452615967956373e-03
6.629355886484111782e-03
5.849139053722141046e-03
5.063356888466801625e-03
4.250134786124416461e-03
3.439105782177598325e-03
2.613328727254844285e-03
1.810908253494693948e-03
1.002321325816735165e-03
2.049459905610342091e-04
0.000000000000000000e+00
0.000000000000000000e+00
0.000000000000000000e+00
0.000000000000000000e+00
0.000000000000000000e+00
0.000000000000000000e+00
0.000000000000000000e+00
0.000000000000000000e+00
0.000000000000000000e+00
0.000000000000000000e+00
0.000000000000000000e+00
0.000000000000000000e+00
0.000000000000000000e+00
0.000000000000000000e+00
0.000000000000000000e+00
0.000000000000000000e+00
0.000000000000000000e+00
0.000000000000000000e+00
0.000000000000000000e+00
0.000000000000000000e+00
0.000000000000000000e+00
0.000000000000000000e+00
0.000000000000000000e+00
0.000000000000000000e+00
0.000000000000000000e+00
