1.206472596664474040e-01
1.210504509202028484e-01
1.214543783880068090e-01
1.218454600177503178e-01
1.221807884160000246e-01
1.225204518547419463e-01
1.228714690788153402e-01
1.232315425248646512e-01
1.235809223060811146e-01
1.239293526254135330e-01
1.242662601117714150e-01
1.245992965953983955e-01
1.249158696214004299e-01
1.252217895446993690e-01
1.255462843062781220e-01
1.259297372873430798e-01
1.263691747449508518e-01
1.267555403858506846e-01
1.271919934410778164e-01
1.276297742409837899e-01
1.280685618901683531e-01
1.285822275211604138e-01
1.291330937234141663e-01
1.296365136475835789e-01
1.301875911596126756e-01
1.308056763495038244e-01
1.314404183107172885e-01
1.321246229428137964e-01
1.328803213491804303e-01
1.337077771252540848e-01
1.346059838916600915e-01
1.354824627368050316e-01
1.363533685194931178e-01
1.372629331623492766e-01
1.382318236990380256e-01
1.391448803694880498e-01
1.400968323213410971e-01
1.410545947025389213e-01
1.420025697269218234e-01
1.429230746972684762e-01
1.438423238771957546e-01
1.447795534372944004e-01
1.456665033809089460e-01
1.465829143276108359e-01
1.475008873521184705e-01
1.483932022904728976e-01
1.492844895061106181e-01
1.501721001274950174e-01
1.509691588364309722e-01
1.517145102357319586e-01
1.524690836932786342e-01
1.531491255969828491e-01
1.538384885667568314e-01
1.545559319674586207e-01
1.552109352293295774e-01
1.558484106010012415e-01
1.564845641910432017e-01
1.570075511592296524e-01
1.575441257154688579e-01
1.580990169474256746e-01
1.585392702924589559e-01
1.590066168049079909e-01
1.593573623196737898e-01
1.597454782326715450e-01
1.601183893959175208e-01
1.604333820227443197e-01
1.607448232225818785e-01
1.610423344515808097e-01
1.614070235985763380e-01
1.617137593843681886e-01
1.619759891762398152e-01
1.621880144075279473e-01
1.624570088145117497e-01
1.626579196136476724e-01
1.628551649966854808e-01
1.630495307444784492e-01
1.632070609914847426e-01
1.633866406663347093e-01
1.635604972141541102e-01
1.636809797085027607e-01
1.638782768619671260e-01
1.640255206788332476e-01
1.641593581732355978e-01
1.642893427982337062e-01
1.643785007827180122e-01
1.645199856491420531e-01
1.645890201197510450e-01
1.646625395524645985e-01
1.647632308321936856e-01
1.648306512955432512e-01
1.649036632771450905e-01
1.648945278343661724e-01
1.649685057348782846e-01
1.649945573515122776e-01
1.649974008807280068e-01
1.650014620110291097e-01
1.650248932257108725e-01
1.650239501505114670e-01
1.650159455144628584e-01
1.648953696423260118e-01
1.647924402380090414e-01
1.647239857799668861e-01
1.646189728874035696e-01
1.644870672962633895e-01
1.643604911487000220e-01
1.642181458641708003e-01
1.641205111754248380e-01
1.639876638842637513e-01
1.637886287325015788e-01
1.635960397933833299e-01
1.633993790278767400e-01
1.632004327877646932e-01
1.629738702425650443e-01
1.627140257459389339e-01
1.624388974415740539e-01
1.621571426760165247e-01
1.618339929246054298e-01
1.615365826205779343e-01
1.612044285513221931e-01
1.608019722420429842e-01
1.604030199203240747e-01
1.599479251621043485e-01
1.594872786979325552e-01
1.590683961652373246e-01
1.585410997872013228e-01
1.580036874828651128e-01
1.574681200678782200e-01
1.569783982789841881e-01
1.564589511499606123e-01
1.558952933291824217e-01
1.552963732297037436e-01
1.547010443706565153e-01
1.541131687500713332e-01
1.534658524286464654e-01
1.528239152370759468e-01
1.521130950707773599e-01
1.514226812805305744e-01
1.507214014844734384e-01
1.499459083424217742e-01
1.492144319060206559e-01
1.484479883693293201e-01
1.477264956630350290e-01
1.469791137155314065e-01
1.461594038885234148e-01
1.453214355637503230e-01
1.444518104100570854e-01
1.435647211020485148e-01
1.426970657646600693e-01
1.418236793314868183e-01
1.409259201104753889e-01
1.399982571048940527e-01
1.390657589883491363e-01
1.381296510536215161e-01
1.371331745541512492e-01
1.362128338915351289e-01
1.351548876280648515e-01
1.341562514389889882e-01
1.331381180993494728e-01
1.320467109747587853e-01
1.309871699843643822e-01
1.299629489889931044e-01
1.289065046146304627e-01
1.278493805672481776e-01
1.268382598094706659e-01
1.257479399278088050e-01
1.247772591374090301e-01
1.237672233469259836e-01
1.227573681990497823e-01
1.217530367623642640e-01
1.207796554829293351e-01
1.197925332518415126e-01
1.188011862583030764e-01
1.178543961470139567e-01
1.168951734842909596e-01
1.159574868510445389e-01
1.150296908217414010e-01
1.141189275875263420e-01
1.132065954238701821e-01
1.123048314621342969e-01
1.113950973306176845e-01
1.104908166474617703e-01
1.096232923650333063e-01
1.087351831809610647e-01
1.078433416602149059e-01
1.069837093669477324e-01
1.061208954552437522e-01
1.052296904062900162e-01
1.043534673849970812e-01
1.034645712922745847e-01
1.026142194527124435e-01
1.018270179433492101e-01
1.010159262577101230e-01
1.002485670402585294e-01
9.943914372253026546e-02
9.864093591163265728e-02
9.789829415837723869e-02
9.713335928807226294e-02
9.631905502330184721e-02
9.557170597893548114e-02
9.483956184999994821e-02
