0.000000000000000000e+00
0.000000000000000000e+00
0.000000000000000000e+00
0.000000000000000000e+00
0.000000000000000000e+00
0.000000000000000000e+00
0.000000000000000000e+00
5.234800069367377738e-05
6.666315222269125328e-04
1.292626842870854553e-03
1.892875353882343160e-03
2.531796786006275911e-03
3.026431553726329979e-03
3.588919017693214825e-03
4.157920255869099191e-03
4.655253001155425403e-03
5.130852612869531149e-03
5.625286151955986164e-03
6.089105408995243093e-03
6.605000651786842140e-03
7.014731592401476576e-03
7.533662637681189100e-03
7.895028383285849355e-03
8.293510982145932756e-03
8.705497040868303074e-03
9.057637217171879765e-03
9.438438420783486563e-03
9.807367153990973613e-03
1.011631761680479961e-02
1.037467013212836978e-02
1.071736899199231437e-02
1.100924193666637761e-02
1.135264614132100447e-02
1.154961875308715795e-02
1.178238617155396434e-02
1.211402032694436706e-02
1.224061527811180425e-02
1.253218968980888103e-02
1.272863893733435815e-02
1.291884769418879045e-02
1.313579832006752865e-02
1.331587860788255827e-02
1.351259354402675056e-02
1.375025276479758911e-02
1.387222190161205987e-02
1.397269586366592722e-02
1.410629403935956781e-02
1.424272061283587965e-02
1.439469173660018995e-02
1.448947432301885344e-02
1.470207958850106716e-02
1.481266425069957537e-02
1.492277696436326677e-02
1.506244964094783853e-02
1.523130801050915847e-02
1.539928071986731463e-02
1.538748661099620038e-02
1.552874679042444070e-02
1.562155281406705544e-02
1.576154063889315809e-02
1.580968912448689132e-02
1.584155600478028350e-02
1.583492208436929408e-02
1.601207517018500906e-02
1.606580375592100984e-02
1.606573574903366955e-02
1.603453439847252540e-02
1.609829623255477557e-02
1.617207729684787612e-02
1.617573625643190308e-02
1.623909945090054943e-02
1.626475708451521549e-02
1.636172623650910055e-02
1.629136554413807003e-02
1.627612164874202641e-02
1.626527767084744169e-02
1.620174149562178187e-02
1.621470956829555027e-02
1.621470724664787755e-02
1.620149167975426865e-02
1.615224079647994276e-02
1.613634329543024021e-02
1.600012027422828900e-02
1.595366887813956525e-02
1.581900709895189480e-02
1.583710670456458733e-02
1.584406417739808032e-02
1.581157326208622663e-02
1.563659085533027418e-02
1.556475985384584565e-02
1.544235652605628270e-02
1.539414312271945688e-02
1.529457141718457494e-02
1.522284820837969954e-02
1.513545869950108820e-02
1.505838931894170306e-02
1.499939217459496377e-02
1.486185073679338088e-02
1.477075763477905812e-02
1.468947743597392823e-02
1.459453977109406025e-02
1.439177656182143508e-02
1.427668252824641597e-02
1.416506961984697298e-02
1.403584770397807956e-02
1.390197768314267029e-02
1.367931346957456870e-02
1.347128218743174136e-02
1.328836377712446296e-02
1.313405394666201237e-02
1.294199477428032916e-02
1.274041161386262055e-02
1.249865587485140227e-02
1.223045195503197520e-02
1.192063216586385435e-02
1.161478221248480637e-02
1.137206338192255778e-02
1.113145176772360051e-02
1.087314765181330092e-02
1.060935969582713773e-02
1.036189307736062881e-02
9.976034720823983779e-03
9.678626676003119003e-03
9.313221395136605726e-03
8.941524283113117325e-03
8.555878564074475764e-03
8.159092653915662671e-03
7.796999756503895755e-03
7.422621551396158673e-03
7.036366704531017355e-03
6.587792766994862888e-03
6.010385133954973015e-03
5.556452703315567163e-03
5.071428196334060341e-03
4.616825839053954536e-03
4.052079673591771868e-03
3.453553964310308085e-03
2.847088529960898305e-03
2.251764546613428414e-03
1.622761550430072740e-03
1.076699506511616692e-03
4.928410455682281661e-04
0.000000000000000000e+00
0.000000000000000000e+00
0.000000000000000000e+00
0.000000000000000000e+00
0.000000000000000000e+00
0.000000000000000000e+00
0.000000000000000000e+00
0.000000000000000000e+00
0.000000000000000000e+00
0.000000000000000000e+00
0.000000000000000000e+00
0.000000000000000000e+00
0.000000000000000000e+00
0.000000000000000000e+00
0.000000000000000000e+00
0.000000000000000000e+00
0.000000000000000000e+00
0.000000000000000000e+00
0.000000000000000000e+00
0.000000000000000000e+00
0.000000000000000000e+00
0.000000000000000000e+00
0.000000000000000000e+00
0.000000000000000000e+00
0.000000000000000000e+00
0.000000000000000000e+00
0.000000000000000000e+00
0.000000000000000000e+00
0.000000000000000000e+00
0.000000000000000000e+00
0.000000000000000000e+00
0.000000000000000000e+00
0.000000000000000000e+00
0.000000000000000000e+00
0.000000000000000000e+00
0.000000000000000000e+00
0.000000000000000000e+00
0.000000000000000000e+00
0.000000000000000000e+00
0.000000000000000000e+00
0.000000000000000000e+00
0.000000000000000000e+00
0.000000000000000000e+00
0.000000000000000000e+00
0.000000000000000000e+00
0.000000000000000000e+00
0.000000000000000000e+00
0.000000000000000000e+00
0.000000000000000000e+00
0.000000000000000000e+00
0.000000000000000000e+00
0.000000000000000000e+00
0.000000000000000000e+00
0.000000000000000000e+00
0.000000000000000000e+00
0.000000000000000000e+00
0.000000000000000000e+00
0.000000000000000000e+00
